1   11111111
2   01011000
3   11111111
4   01011000
5   11111111
6   01011000
7   11111111
8   01011000
9   11111111
10  01011000
11  11111111
12  01011000
13  11111111
14  01011000
15  11111111
16  01011000
17  11111111
18  01011000
19  11111111
20  01011000
21  11111111
22  01011000
23  11111111
24  01011000
25  11111111
26  01011000
27  11111111
28  01011000
29  11111111
30  01011000
31  11111111
32  01011000
33  11111111
34  01011000
35  11111111
36  01011000
37  11111111
38  01011000
39  11111111
40  01011000
41  11111111
42  01011000
43  11111111
44  01011000
45  11111111
46  01011000
47  11111111
48  01011000
49  11111111
50  01011000
51  11111111
52  01011000
53  11111111
54  01011000
55  11111111
56  01011000
57  11111111
58  01011000
59  11111111
60  01011000
61  11111111
62  01011000
63  11111111
64  01011000
65  11111111
66  01011000
67  11111111
68  01011000
69  11111111
70  01011000
71  11111111
72  01011000
73  11111111
74  01011000
75  11111111
76  01011000
77  11111111
78  01011000
79  11111111
80  01011000
81  11111111
82  01011000
83  11111111
84  01011000
85  11111111
86  01011000
87  11111111
88  01011000
89  11111111
90  01011000
91  11111111
92  01011000
93  11111111
94  01011000
95  11111111
96  01011000
97  11111111
98  01011000
99  11111111
100 01011000
101 11111111
102 01011000
103 11111111
104 01011000
105 11111111
106 01011000
107 11111111
108 01011000
109 11111111
110 01011000
111 11111111
112 01011000
113 11111111
114 01011000
115 11111111
116 01011000
117 11111111
118 01011000
119 11111111
120 01011000
121 11111111
122 01011000
123 11111111
124 01011000
125 11111111
126 01011000
127 11111111
128 01011000
129 11111111
130 01011000
131 11111111
132 01011000
133 11111111
134 01011000
135 11111111
136 01011000
137 11111111
138 01011000
139 11111111
140 01011000
141 11111111
142 01011000
143 11111111
144 01011000
145 11111111
146 01011000
147 11111111
148 01011000
149 11111111
150 01011000
151 11111111
152 01011000
153 11111111
154 01011000
155 11111111
156 01011000
157 11111111
158 01011000
159 11111111
160 01011000
161 11111111
162 01011000
163 11111111
164 01011000
165 11111111
166 01011000
167 11111111
168 01011000
169 11111111
170 01011000
171 11111111
172 01011000
173 11111111
174 01011000
175 11111111
176 01011000
177 11111111
178 01011000
179 11111111
180 01011000
181 11111111
182 01011000
183 11111111
184 01011000
185 11111111
186 01011000
187 11111111
188 01011000
189 11111111
190 01011000
191 11111111
192 01011000
193 11111111
194 01011000
195 11111111
196 01011000
197 11111111
198 01011000
199 11111111
200 01011000
201 11111111
202 01011000
203 11111111
204 01011000
205 11111111
206 01011000
207 11111111
208 01011000
209 11111111
210 01011000
211 11111111
212 01011000
213 11111111
214 01011000
215 11111111
216 01011000
217 11111111
218 01011000
219 11111111
220 01011000
221 11111111
222 01011000
223 11111111
224 01011000
225 11111111
226 01011000
227 11111111
228 01011000
229 11111111
230 01011000
231 11111111
232 01011000
233 11111111
234 01011000
235 11111111
236 01011000
237 11111111
238 01011000
239 11111111
240 01011000
241 11111111
242 01011000
243 11111111
244 01011000
245 11111111
246 01011000
247 11111111
248 01011000
249 11111111
250 01011000
251 11111111
252 01011000
253 11111111
254 01011000
255 11111111
