1   00000001
2   00000100
3   00010001
4   01000111
5   00001101
6   00010101
7   00010001
8   01000111
9   00011100
10  01110001
11  11000100
12  00010010
13  10001111
14  10110101
15  11000100
16  00010010
17  01001011
18  00101110
19  10111000
20  11100000
21  00111001
22  10010110
23  10111000
24  11100000
25  10000001
26  00000110
27  00011001
28  01100100
29  10001011
30  00011111
31  00011001
32  01100100
33  10010010
34  01001001
35  00100110
36  10011011
37  01001000
38  01101111
39  00100110
40  10011011
41  01101110
42  10111001
43  11100100
44  10010000
45  10100101
46  01011101
47  11100100
48  10010000
49  01000001
50  00000101
51  00010101
52  01010110
53  01001110
54  00010000
55  00010101
56  01010110
57  01011011
58  01101101
59  10110101
60  11010110
61  11101100
62  11011000
63  10110101
64  11010110
65  01011001
66  01100101
67  10010110
68  01011000
69  11110111
70  11110011
71  10010110
72  01011000
73  01100001
74  10000111
75  00011111
76  01111101
77  11101001
78  10011000
79  00011111
80  01111101
81  11110110
82  11011011
83  01101111
84  10111101
85  10011010
86  10110100
87  01101111
88  10111101
89  11110101
90  11010111
91  01011101
92  01110100
93  10001100
94  10001010
95  01011101
96  01110100
97  11010001
98  01000100
99  00010000
100 01000011
101 00011101
102 01010100
103 00010000
104 01000011
105 00001101
106 00110110
107 11011000
108 01100011
109 01010111
110 11101110
111 11011000
112 01100011
113 10001111
114 00111100
115 11110011
116 11001110
117 11001010
118 11001111
119 11110011
120 11001110
121 00111001
122 11100110
123 10011000
124 01100010
125 00010011
126 01111110
127 10011000
128 01100010
129 10001011
130 00101101
131 10110100
132 11010010
133 11111100
134 10011001
135 10110100
136 11010010
137 01001000
138 00100010
139 10001010
140 00101001
141 00101111
142 10101000
143 10001010
144 00101001
145 10100101
146 10010101
147 01010100
148 01010011
149 00011010
150 11000001
151 01010100
152 01010011
153 01001110
154 00111011
155 11101110
156 10111011
157 00000010
158 11010101
159 11101110
160 10111011
161 11101100
162 10110011
163 11001111
164 00111101
165 00111000
166 01111100
167 11001111
168 00111101
169 11110111
170 11011111
171 01111110
172 11111010
173 10010111
174 10100001
175 01111110
176 11111010
177 11101001
178 10100110
179 10011001
180 01100110
181 00000011
182 00111111
183 10011001
184 01100110
185 10011010
186 01101010
187 10101000
188 10100011
189 00100100
190 11000010
191 10101000
192 10100011
193 10001100
194 00110000
195 11000001
196 00000111
197 11011100
198 11110001
199 11000001
200 00000111
201 00011101
202 01110101
203 11010101
204 01010101
205 10000010
206 10100000
207 11010101
208 01010101
209 01010111
210 01011111
211 01111100
212 11110010
213 10110110
214 00100011
215 01111100
216 11110010
217 11001010
218 00101000
219 10100001
220 10000100
221 10110010
222 10001001
223 10100001
224 10000100
225 00010011
226 01001111
227 00111111
228 11111111
229 11000011
230 01110000
231 00111111
232 11111111
233 11111100
234 11110000
235 11000010
236 00001011
237 11101101
238 00110010
239 11000010
240 00001011
241 00101111
242 10111100
243 11110001
244 11000110
245 11101011
246 01001101
247 11110001
248 11000110
249 00011010
250 01101000
251 10100000
252 10000000
253 10100010
254 11001000
255 10100000
